================ 隐藏层数为2的BP网络运算结果 ================

eps: 0.5，学习率：0.5，运算时间: 0.03s，迭代次数: 160

W1.shape: (2, 30)
W1: 
[[-4.07355936e-03 -5.17655893e-04 -2.12653497e-02  1.64843241e-02
  -1.79011691e-02 -8.33966759e-03  5.13369259e-03 -1.23333169e-02
  -1.05435322e-02 -9.09442670e-03  5.55690817e-03  2.29161520e-02
   4.54958365e-04 -1.11450985e-02  5.38102637e-03 -5.93194586e-03
  -1.76798463e-04  1.17868968e-02 -7.48082080e-03  9.23283326e-05
  -8.67792098e-03 -1.50844241e-03  2.66718005e-03 -9.80895899e-03
  -3.34175641e-03 -2.28919891e-03 -6.28602255e-03 -1.17318684e-02
  -1.41716133e-02 -1.50611990e-03]
 [-1.63450342e-01  3.25939918e-02 -2.04907141e-01 -1.58398417e-01
   1.56982544e-01 -1.69271636e-01 -3.47568206e-01 -4.29460874e-01
   1.17744331e-01  3.03490878e-01 -5.80742578e-02  2.47738541e-01
  -6.01589152e-02 -8.25840820e-03  2.87220858e-01  3.33800495e-02
   7.60211449e-02  1.00992745e-02  2.23395546e-01  1.53249252e-01
  -2.42985184e-01 -6.53817891e-02 -2.55853653e-01 -1.82346980e-01
   4.52215070e-02 -2.06809963e-01 -3.14434206e-01 -5.14933279e-01
  -1.50187780e-02 -6.26710787e-03]]

b1.shape: (2, 1)
b1: 
[[-1.46788022e-05]
 [ 1.03862460e+00]]

W2.shape: (1, 2)
W2: 
[[-8.91649298e-04  1.56112169e+00]]

b2.shape: (1, 1)
b2: 
[[0.00213553]]
成本:
[0.6931487203090533, 0.4938141191785019]

================ 隐藏层数为3的BP网络运算结果 ================

eps: 0.5，学习率：0.5，运算时间: 0.03s，迭代次数: 133

W1.shape: (3, 30)
W1: 
[[-4.32460928e-03 -6.44975398e-04 -2.15228500e-02  1.62679870e-02
  -1.80002207e-02 -8.54787501e-03  4.85818173e-03 -1.26470177e-02
  -1.06493129e-02 -9.09481398e-03  5.44275336e-03  2.29217159e-02
   3.48190505e-04 -1.12370165e-02  5.39608838e-03 -6.01553071e-03
  -2.19252964e-04  1.16836690e-02 -7.48454810e-03  8.06962776e-05
  -8.95118387e-03 -1.66464155e-03  2.39857453e-03 -1.00170829e-02
  -3.47498451e-03 -2.48316259e-03 -6.52530793e-03 -1.21122641e-02
  -1.42857732e-02 -1.58827100e-03]
 [-1.63584861e-01  3.29040458e-02 -2.05064644e-01 -1.58478867e-01
   1.56311380e-01 -1.69761923e-01 -3.48039349e-01 -4.29850966e-01
   1.16831937e-01  3.02828164e-01 -5.80918527e-02  2.47658567e-01
  -6.02239947e-02 -8.31634372e-03  2.86913814e-01  3.30919932e-02
   7.57910866e-02  9.91275612e-03  2.22919636e-01  1.52950834e-01
  -2.42993375e-01 -6.49413464e-02 -2.55938039e-01 -1.82345059e-01
   4.48956959e-02 -2.07154252e-01 -3.14756833e-01 -5.15272344e-01
  -1.55215839e-02 -6.61881949e-03]
 [-4.23725247e-03 -1.32113269e-03 -4.42577194e-04  3.21922475e-03
  -2.04057034e-02  4.19467569e-04 -6.83846871e-03 -1.44661594e-02
   5.25170638e-03  7.38985614e-03 -6.54408521e-03  8.52440550e-03
  -3.82641136e-03  6.53943472e-04 -1.09730418e-02  1.58364274e-02
  -2.65949614e-02 -9.31156038e-04  6.99791572e-03 -2.03247031e-02
  -1.94956507e-03 -7.82334667e-04  8.19221058e-03  1.24407063e-02
  -4.06377926e-03 -1.38855686e-02  1.36201148e-02  1.20893771e-02
  -4.63368796e-03  3.50389694e-03]]

b1.shape: (3, 1)
b1: 
[[-1.17812410e-05]
 [ 1.03716783e+00]
 [ 1.08599538e-04]]

W2.shape: (1, 3)
W2: 
[[0.00661114 1.56024548 0.00238304]]

b2.shape: (1, 1)
b2: 
[[0.00263689]]
成本:
[0.6931405495101288, 0.49396916273884556]

================ 隐藏层数为4的BP网络运算结果 ================

eps: 0.5，学习率：0.5，运算时间: 0.03s，迭代次数: 136

W1.shape: (4, 30)
W1: 
[[-3.89303859e-03 -4.25102977e-04 -2.10802445e-02  1.66396983e-02
  -1.78285646e-02 -8.18983690e-03  5.33131234e-03 -1.21083506e-02
  -1.04661721e-02 -9.09259085e-03  5.63918031e-03  2.29135279e-02
   5.31917949e-04 -1.10788858e-02  5.37158256e-03 -5.87127246e-03
  -1.45814673e-04  1.18617366e-02 -7.47689643e-03  1.01468555e-04
  -8.48166752e-03 -1.39512294e-03  2.86006171e-03 -9.65956885e-03
  -3.24470053e-03 -2.14967739e-03 -6.11421745e-03 -1.14588561e-02
  -1.40887158e-02 -1.44635057e-03]
 [-1.63439528e-01  3.29166137e-02 -2.04816533e-01 -1.58319703e-01
   1.56165929e-01 -1.68808902e-01 -3.46673231e-01 -4.28334815e-01
   1.17038701e-01  3.02481656e-01 -5.77782865e-02  2.47176726e-01
  -5.99733746e-02 -8.21085861e-03  2.86181280e-01  3.31677650e-02
   7.56113678e-02  9.92602882e-03  2.22356918e-01  1.52608238e-01
  -2.42470303e-01 -6.47092263e-02 -2.55372191e-01 -1.82016539e-01
   4.50134999e-02 -2.06250313e-01 -3.13677249e-01 -5.13588654e-01
  -1.52362838e-02 -6.33627672e-03]
 [-4.13031629e-03 -1.32833832e-03 -3.28748394e-04  3.31851378e-03
  -2.04015140e-02  5.24271045e-04 -6.68764185e-03 -1.42906671e-02
   5.22812991e-03  7.29685671e-03 -6.51653043e-03  8.27611432e-03
  -3.79963152e-03  6.80155566e-04 -1.10094885e-02  1.58561473e-02
  -2.65945587e-02 -8.91368458e-04  6.88122040e-03 -2.03500917e-02
  -1.81589745e-03 -7.59304205e-04  8.32580582e-03  1.25416662e-02
  -4.00432651e-03 -1.37872933e-02  1.37475948e-02  1.23080595e-02
  -4.60153138e-03  3.51499566e-03]
 [ 2.75045863e-03  5.26369647e-03  9.40914763e-04  1.31084496e-02
  -1.78423011e-02  9.52658044e-03  2.72204488e-03 -3.51110323e-03
   1.13938277e-02 -2.32899600e-02  1.10175873e-02  3.75434619e-03
  -1.19308588e-02  3.85865408e-03 -3.25210543e-03  2.53633331e-02
   1.82080136e-02  3.81747137e-03 -7.56897326e-03 -5.85841151e-03
  -4.29098505e-03 -5.98268467e-03 -1.00646825e-02 -6.70033474e-03
  -3.19990082e-03 -5.78285011e-03 -7.72874374e-03 -1.06694787e-02
   2.50721937e-02 -1.48168325e-02]]

b1.shape: (4, 1)
b1: 
[[-1.23173714e-05]
 [ 1.03400909e+00]
 [-1.63998336e-04]
 [ 3.19142734e-04]]

W2.shape: (1, 4)
W2: 
[[-7.46026028e-03  1.55571783e+00 -2.92371075e-03  2.28393166e-04]]

b2.shape: (1, 1)
b2: 
[[0.00554767]]
成本:
[0.6931423085287038, 0.4947832423583817]

================ 隐藏层数为5的BP网络运算结果 ================

eps: 0.5，学习率：0.5，运算时间: 0.03s，迭代次数: 69

W1.shape: (5, 30)
W1: 
[[-4.24282355e-03 -5.88789947e-04 -2.14400508e-02  1.63347452e-02
  -1.79446389e-02 -8.47908245e-03  4.93720649e-03 -1.25583887e-02
  -1.05933222e-02 -9.06700216e-03  5.48174479e-03  2.29425484e-02
   3.85234209e-04 -1.12055975e-02  5.41451503e-03 -5.97760041e-03
  -1.96311714e-04  1.17283623e-02 -7.46226688e-03  9.88488547e-05
  -8.86771381e-03 -1.59998001e-03  2.48026667e-03 -9.95508784e-03
  -3.41196914e-03 -2.42033815e-03 -6.45331166e-03 -1.20003612e-02
  -1.42361253e-02 -1.55004772e-03]
 [-9.55708066e-03  2.40644802e-02 -3.20505450e-02 -6.18849968e-03
   1.19844378e-02  6.77800698e-03 -9.48007049e-03 -2.53828684e-02
   6.77885958e-03  1.92332607e-02 -5.06920087e-03  1.90413784e-02
  -2.00786230e-02  1.61118389e-02  2.70683714e-02 -8.00508587e-04
   9.51477540e-03  2.69137825e-03  2.47209676e-03  7.96797140e-03
  -7.53419504e-04 -4.21950987e-03 -1.45017958e-02 -9.16738932e-03
   8.56055253e-03  4.99085959e-03 -1.82372864e-02 -1.44138813e-02
   3.54807628e-03 -1.64549035e-02]
 [-4.18031467e-03 -1.33547157e-03 -3.81227908e-04  3.27387890e-03
  -2.04138963e-02  4.76729881e-04 -6.75162279e-03 -1.43644819e-02
   5.22596149e-03  7.32280110e-03 -6.53212115e-03  8.35983726e-03
  -3.81474561e-03  6.66127741e-04 -1.10020249e-02  1.58422677e-02
  -2.65991634e-02 -9.13467076e-04  6.91741825e-03 -2.03454196e-02
  -1.87500029e-03 -7.78383702e-04  8.26700652e-03  1.24973905e-02
  -4.03715657e-03 -1.38314554e-02  1.36923705e-02  1.22152062e-02
  -4.62169521e-03  3.50413101e-03]
 [ 2.56283585e-01  7.04471338e-02  2.66016847e-01  2.49132280e-01
  -2.57171097e-02  2.14046859e-01  3.31024845e-01  3.79386179e-01
   1.81532470e-02 -1.55595296e-01  1.19333738e-01 -1.05647673e-01
   8.58481515e-02  8.99218415e-02 -1.26214486e-01  5.55625004e-02
   1.49822681e-02  5.43637683e-02 -1.01971034e-01 -6.44584186e-02
   2.99723911e-01  9.47614738e-02  2.89888875e-01  2.31858665e-01
   4.41673998e-02  1.92280155e-01  2.62358505e-01  4.33533490e-01
   8.52021164e-02  1.47094164e-02]
 [-2.44331318e-02  1.17549504e-02 -1.95244973e-02 -1.12271674e-02
   2.81280249e-02 -3.29120824e-03 -2.66334799e-02 -4.92633783e-02
   2.71918994e-02  1.49808604e-02 -4.63799203e-03  2.31736932e-02
  -1.29702187e-02  4.16110071e-03  2.80183757e-02  1.63452729e-02
  -6.55267057e-03  1.42676664e-02  3.02052424e-02  1.81399516e-02
  -3.72389258e-02  1.21993181e-04 -3.87238402e-02 -3.85157155e-02
   4.35474355e-02 -8.57319494e-03 -1.01587300e-02 -4.95115721e-02
   9.91348461e-03  1.20592257e-02]]

b1.shape: (5, 1)
b1: 
[[ 7.20599166e-05]
 [ 4.51025251e-02]
 [-8.88446905e-05]
 [-4.08185692e-01]
 [ 1.09462457e-01]]

W2.shape: (1, 5)
W2: 
[[ 0.00703575  0.07140323 -0.00220956 -1.14164405  0.16291844]]

b2.shape: (1, 1)
b2: 
[[1.10329709]]
成本:
[0.6931368315052037, 0.49655463890508883]

================ 隐藏层数为10的BP网络运算结果 ================

eps: 0.5，学习率：0.5，运算时间: 0.07s，迭代次数: 77

W1.shape: (10, 30)
W1: 
[[-4.29246423e-03 -6.08864368e-04 -2.14913428e-02  1.62906753e-02
  -1.79560434e-02 -8.51986076e-03  4.87902451e-03 -1.26251294e-02
  -1.06067051e-02 -9.05733674e-03  5.45980915e-03  2.29515592e-02
   3.64924775e-04 -1.12232484e-02  5.42565719e-03 -5.99033877e-03
  -2.01495421e-04  1.17118446e-02 -7.45563296e-03  1.01603559e-04
  -8.92369124e-03 -1.62609942e-03  2.42512522e-03 -9.99826480e-03
  -3.43144219e-03 -2.45879074e-03 -6.50268110e-03 -1.20797589e-02
  -1.42543597e-02 -1.56225737e-03]
 [-2.43088999e-02  2.96198118e-02 -4.86906006e-02 -2.21260386e-02
   3.24582888e-02 -7.46256595e-03 -4.16151102e-02 -6.32881317e-02
   2.35100942e-02  5.25414758e-02 -9.10855968e-03  4.57805869e-02
  -2.28848367e-02  1.37916993e-02  5.63011227e-02  5.96178590e-03
   1.78245476e-02  8.37424493e-03  2.76557161e-02  2.49079845e-02
  -2.43824052e-02 -3.68650995e-03 -3.81540325e-02 -2.75125238e-02
   1.97019385e-02 -1.16805640e-02 -4.44986251e-02 -5.79301412e-02
   7.51005378e-03 -1.04414348e-02]
 [-4.11693546e-03 -1.38380183e-03 -3.10677344e-04  3.34013182e-03
  -2.04548192e-02  5.44936860e-04 -6.63510502e-03 -1.42263222e-02
   5.15687739e-03  7.19448910e-03 -6.52725623e-03  8.07674924e-03
  -3.80981395e-03  6.74190210e-04 -1.10634452e-02  1.58346438e-02
  -2.66172230e-02 -9.04308753e-04  6.77136670e-03 -2.03903822e-02
  -1.78171320e-03 -7.99650454e-04  8.36138972e-03  1.25693337e-02
  -4.02280602e-03 -1.37657806e-02  1.37861200e-02  1.23838699e-02
  -4.62403401e-03  3.48702024e-03]
 [ 1.68842421e-01  4.94155071e-02  1.74478991e-01  1.67360034e-01
  -2.08791110e-02  1.43453809e-01  2.16598643e-01  2.45876522e-01
   1.78639440e-02 -1.07504578e-01  8.21685632e-02 -6.56696590e-02
   5.23720547e-02  6.03946493e-02 -8.15046207e-02  4.62009190e-02
   1.69727375e-02  3.80616726e-02 -6.72711723e-02 -4.29020651e-02
   1.94259429e-01  6.13102653e-02  1.85798664e-01  1.48940688e-01
   2.95222563e-02  1.23744834e-01  1.68417249e-01  2.78926757e-01
   6.56614931e-02  5.42230932e-03]
 [-2.19387557e-02  1.05638308e-02 -1.67167162e-02 -8.52270165e-03
   2.47011972e-02 -9.30651720e-04 -2.12514408e-02 -4.29172492e-02
   2.42874044e-02  9.40194128e-03 -3.95116572e-03  1.85731577e-02
  -1.24931336e-02  4.54182047e-03  2.31369103e-02  1.52187469e-02
  -7.93330140e-03  1.33364350e-02  2.59604919e-02  1.53347099e-02
  -3.33111071e-02 -3.49685961e-04 -3.47959543e-02 -3.54606390e-02
   4.16185648e-02 -5.85300345e-03 -5.78444934e-03 -4.23007194e-02
   9.12190598e-03  1.10145925e-02]
 [-6.51487256e-03  5.60457913e-03 -1.63421395e-02 -3.39724503e-02
   1.99603512e-02 -8.67515230e-03 -1.56673034e-02 -3.38995570e-02
   2.78041024e-02  1.91991668e-02 -1.66619395e-02  2.92708974e-02
  -7.89834687e-03 -1.50845725e-02  2.25557646e-02  1.11179078e-02
   7.80387385e-03  7.73887457e-03  5.83288939e-02  2.00776025e-02
  -3.55462079e-03 -1.76317609e-02 -1.53255916e-02 -6.88939347e-03
   4.20534391e-03 -2.24365677e-02 -1.74781596e-02 -3.80812378e-02
  -4.40238483e-03  1.51940495e-02]
 [ 2.03362313e-01  5.27651444e-02  1.94060853e-01  1.81772025e-01
   2.77532789e-03  1.59482730e-01  2.31179649e-01  2.82955080e-01
   9.54364881e-03 -9.22574571e-02  9.06171354e-02 -7.39739949e-02
   6.17611199e-02  5.72965805e-02 -1.04144028e-01  4.09344873e-02
  -2.21847413e-04  4.36704465e-02 -6.02601578e-02 -4.67710775e-02
   2.16257368e-01  7.22854228e-02  2.23205069e-01  1.93605562e-01
   4.46737568e-02  1.37840310e-01  2.09241285e-01  3.40111719e-01
   3.50605959e-02  2.16352188e-02]
 [-1.98452424e-02  6.68235141e-03 -4.86054167e-03 -1.55761512e-02
  -6.63344338e-04  1.46362230e-03 -1.02632727e-02 -2.98073905e-03
   1.11108834e-02  1.35254478e-04 -3.04144006e-03  2.84617680e-02
   1.45041441e-03 -8.27766930e-03  7.74004948e-03 -1.06816087e-02
   1.38353426e-02  6.08263290e-03  1.72514332e-02  1.34238490e-02
   7.43793941e-04  1.24277918e-02 -1.29366497e-03 -9.26773517e-03
  -5.53622185e-03 -5.84136843e-03 -2.83748971e-02  1.18431294e-02
  -1.44666993e-02  2.17587123e-03]
 [-1.32911028e-02 -2.02986273e-02 -9.42039766e-04 -3.15021597e-03
  -1.61729524e-03  5.39482313e-03 -6.32220487e-03  3.62874341e-03
   5.10738132e-03 -3.31820115e-03 -2.88578292e-03  5.41148329e-03
   5.25858971e-04  1.55021969e-03 -2.37116174e-02  5.58617580e-04
   3.75602866e-03 -1.39008523e-03  3.38040196e-03  1.90542368e-02
   7.21835859e-04  6.59627358e-03 -8.62988601e-03 -8.62552450e-03
  -4.83979969e-03 -1.02861010e-02 -1.92590371e-04 -9.52651373e-03
  -1.78895973e-03 -1.43966767e-02]
 [-1.64378986e-02 -6.72552409e-03 -1.05835387e-02 -6.45386500e-03
  -6.10630571e-03 -3.44364720e-03  1.05556568e-02  1.38061378e-02
   7.27187421e-03 -3.61671617e-03  1.50063786e-02 -1.53309343e-02
  -2.01996418e-02  2.70936118e-03 -4.56472543e-05 -1.37350629e-03
   3.32558325e-04 -1.63798622e-02 -1.15824880e-02  1.23327528e-02
   1.03778696e-02 -7.17724167e-03  1.94262262e-02 -1.06335773e-02
  -5.68470466e-03  2.98961220e-03 -1.18650648e-02 -4.74220598e-03
  -1.70230176e-03 -3.93505637e-03]]

b1.shape: (10, 1)
b1: 
[[ 1.02275386e-04]
 [ 1.51838635e-01]
 [-4.68160947e-04]
 [-2.59063207e-01]
 [ 9.16057533e-02]
 [ 7.88089426e-02]
 [-3.03045988e-01]
 [ 2.60131489e-02]
 [ 9.44898035e-05]
 [-6.87096759e-05]]

W2.shape: (1, 10)
W2: 
[[ 0.0099066   0.2260327  -0.01092152 -0.74158337  0.13679421  0.12496195
  -0.85525597  0.03917443  0.00900477 -0.00621292]]

b2.shape: (1, 1)
b2: 
[[1.09792471]]
成本:
[0.6931472870612034, 0.4945720851574903]

================ 隐藏层数为15的BP网络运算结果 ================

eps: 0.5，学习率：0.5，运算时间: 0.06s，迭代次数: 64

W1.shape: (15, 30)
W1: 
[[-4.40916161e-03 -6.42069675e-04 -2.16130258e-02  1.61833222e-02
  -1.79599970e-02 -8.61506399e-03  4.73120864e-03 -1.27958983e-02
  -1.06173193e-02 -9.00741482e-03  5.40970438e-03  2.29946914e-02
   3.19160618e-04 -1.12634329e-02  5.47463230e-03 -6.00989183e-03
  -2.04664437e-04  1.16838124e-02 -7.41963028e-03  1.22192088e-04
  -9.06095535e-03 -1.67453340e-03  2.28957496e-03 -1.01056803e-02
  -3.45815800e-03 -2.54981123e-03 -6.62491073e-03 -1.22787171e-02
  -1.42853324e-02 -1.57983182e-03]
 [ 1.01923476e-02  2.53984973e-02 -1.08609791e-02  1.31659975e-02
   2.87320769e-03  2.39811925e-02  2.18871577e-02  1.12140895e-02
   1.36729018e-05 -1.75495077e-03  2.30729014e-03  1.75299440e-03
  -1.37783203e-02  2.16339553e-02  7.98932453e-03 -1.95523354e-03
   5.83634227e-03  2.89170012e-03 -1.34669746e-02 -2.31329867e-03
   2.55444371e-02  1.09971906e-03  1.15838935e-02  1.14671549e-02
   6.36945599e-03  2.28865377e-02  7.51309736e-03  2.78651508e-02
   5.03100467e-03 -1.72560706e-02]
 [-4.18519130e-03 -1.33191780e-03 -3.86644710e-04  3.26880964e-03
  -2.04109331e-02  4.71499899e-04 -6.76048444e-03 -1.43749874e-02
   5.23107037e-03  7.33238408e-03 -6.53253739e-03  8.38110996e-03
  -3.81516459e-03  6.65479626e-04 -1.09974589e-02  1.58427883e-02
  -2.65978393e-02 -9.14224555e-04  6.92837407e-03 -2.03420724e-02
  -1.88212613e-03 -7.76882011e-04  8.25980113e-03  1.24918999e-02
  -4.03836754e-03 -1.38364838e-02  1.36852247e-02  1.22023689e-02
  -4.62159373e-03  3.50534828e-03]
 [ 3.10529104e-03  5.46127270e-03  1.30174281e-03  1.34079301e-02
  -1.76591223e-02  9.80817713e-03  3.02542796e-03 -3.13239676e-03
   1.15581980e-02 -2.32994337e-02  1.12022628e-02  3.85085416e-03
  -1.17398645e-02  4.00451117e-03 -3.13247821e-03  2.55793846e-02
   1.82803133e-02  4.03231218e-03 -7.40178789e-03 -5.80869079e-03
  -3.95955081e-03 -5.79212771e-03 -9.73255859e-03 -6.45847458e-03
  -3.02882747e-03 -5.56779130e-03 -7.50014837e-03 -1.02576750e-02
   2.52551320e-02 -1.47561850e-02]
 [-1.70483066e-02  8.05638029e-03 -1.11023737e-02 -3.21854356e-03
   1.75285236e-02  4.57108275e-03 -9.38917343e-03 -2.91604375e-02
   1.85030615e-02 -2.23040345e-03 -2.79012739e-03  8.60969604e-03
  -1.17561080e-02  5.07844513e-03  1.26291339e-02  1.29132514e-02
  -1.09211967e-02  1.12694033e-02  1.70183018e-02  9.33796494e-03
  -2.52771256e-02 -1.08793418e-03 -2.66989764e-02 -2.93543513e-02
   3.79506065e-02  6.07726903e-04  4.09993031e-03 -2.62701251e-02
   8.13962685e-03  9.26359563e-03]
 [ 1.34115321e-05  2.29635261e-03 -8.96295270e-03 -2.69566682e-02
   1.14835894e-02 -1.94439860e-03 -1.10928733e-03 -1.68426848e-02
   2.13269831e-02  5.18935530e-03 -1.46157929e-02  1.77278407e-02
  -6.38347417e-03 -1.38916440e-02  1.01627005e-02  8.66185581e-03
   4.46978333e-03  5.78439634e-03  4.81963990e-02  1.30464389e-02
   6.67824790e-03 -1.89387255e-02 -5.04593253e-03  1.01342788e-03
  -6.59008358e-04 -1.50554228e-02 -5.76520560e-03 -1.87979561e-02
  -5.58613880e-03  1.27586174e-02]
 [ 9.62652506e-02  2.32578094e-02  8.22280845e-02  8.25858525e-02
   3.49673280e-03  7.30935521e-02  9.37857444e-02  1.22850547e-01
   4.17132733e-03 -3.93999727e-02  4.48004701e-02 -3.01348399e-02
   2.03718464e-02  2.08881808e-02 -5.46609606e-02  2.71738983e-02
   1.39501014e-04  2.11766384e-02 -2.23775355e-02 -2.35639495e-02
   8.83883473e-02  2.76981811e-02  9.71131178e-02  9.34982900e-02
   2.22588559e-02  5.40821746e-02  9.56604584e-02  1.53660133e-01
   8.14219328e-03  7.69676858e-03]
 [-1.87958347e-02  2.50313296e-03 -3.42984409e-03 -1.36903723e-02
  -7.44214994e-03  2.22909541e-03 -5.59630826e-03  2.92941311e-03
   4.99695019e-03 -8.85670499e-03 -3.36982056e-03  2.04528268e-02
   9.80465645e-04 -8.64040989e-03  1.42808216e-04 -1.36061511e-02
   1.11573156e-02  3.48362208e-03  1.03178876e-02  8.75810477e-03
   3.68596888e-03  8.97692529e-03  1.71730260e-03 -6.76970896e-03
  -1.05943067e-02 -4.61519052e-03 -2.51382128e-02  1.81866201e-02
  -1.74404641e-02 -1.00861343e-03]
 [-1.31597018e-02 -2.02506999e-02 -8.05855654e-04 -3.03216302e-03
  -1.59552388e-03  5.50254447e-03 -6.16407813e-03  3.81060862e-03
   5.13503297e-03 -3.35385867e-03 -2.82826325e-03  5.37945886e-03
   5.78877178e-04  1.59645492e-03 -2.37495606e-02  5.88426309e-04
   3.76636707e-03 -1.35039980e-03  3.35520399e-03  1.90416782e-02
   8.72133546e-04  6.66060283e-03 -8.48171025e-03 -8.50902076e-03
  -4.79522591e-03 -1.01840645e-02 -5.95977875e-05 -9.31171527e-03
  -1.74513505e-03 -1.43684563e-02]
 [-1.64018206e-02 -6.71712620e-03 -1.05457718e-02 -6.42017276e-03
  -6.10817043e-03 -3.41431419e-03  1.06028327e-02  1.38607921e-02
   7.27235475e-03 -3.63582476e-03  1.50216728e-02 -1.53472173e-02
  -2.01857604e-02  2.72160702e-03 -6.38556714e-05 -1.36886394e-03
   3.32322056e-04 -1.63726504e-02 -1.15963587e-02  1.23244843e-02
   1.04210699e-02 -7.16399750e-03  1.94689293e-02 -1.05995745e-02
  -5.67901934e-03  3.01783213e-03 -1.18264499e-02 -4.67904435e-03
  -1.69431700e-03 -3.93112668e-03]
 [ 7.82470870e-02  2.32421984e-02  6.17649930e-02  5.80210690e-02
  -1.54057952e-03  5.55681612e-02  8.29336010e-02  1.09965096e-01
   9.39089170e-03 -4.35952155e-02  3.74276459e-02 -4.71356248e-02
   1.04931188e-02  2.84208533e-02 -4.33222952e-02 -1.86632783e-03
  -3.72596292e-03  6.71935496e-03 -2.34866982e-02 -3.09936961e-02
   8.00058798e-02  5.87536310e-02  8.37080105e-02  4.65940158e-02
   1.79744030e-02  6.01933864e-02  8.86257034e-02  1.24183882e-01
   9.62173558e-03  2.19738259e-02]
 [ 1.29328122e-01  1.18302915e-02  1.35372242e-01  1.11811463e-01
   3.97943445e-03  9.46737933e-02  1.67502193e-01  1.87994603e-01
   6.67771425e-03 -6.75280393e-02  4.77184614e-02 -5.49421438e-02
   5.30511588e-02  4.53799578e-02 -4.64421401e-02  1.76818028e-02
   3.88095879e-03  4.40734231e-02 -4.75803348e-02 -2.45575505e-02
   1.41220917e-01  4.75517549e-02  1.61745905e-01  1.18795007e-01
   3.44632378e-02  8.50761677e-02  1.17196611e-01  2.18743865e-01
   1.39355980e-02  3.96187685e-02]
 [ 3.45262798e-02 -6.93292146e-03  2.13867946e-02  1.47941766e-02
   2.98401982e-03  1.71288225e-02  3.80243572e-02  4.81794204e-02
  -1.97181282e-03 -2.38173314e-02  1.49866864e-02 -1.15846142e-02
   1.98731213e-02  5.90345455e-03 -2.89305343e-03  5.75384248e-03
  -2.34621426e-03 -3.18092194e-04 -1.50665410e-03  1.99109232e-02
   3.49360901e-02  7.36064709e-03  3.32763049e-02  2.19839002e-02
  -9.05827365e-03  2.03652240e-02  3.91223708e-02  3.57311288e-02
  -6.17076350e-03  7.26824644e-03]
 [ 2.01707280e-01  5.42495726e-02  2.02119287e-01  1.94311416e-01
   5.66339840e-03  1.54834327e-01  2.37463875e-01  2.80564389e-01
   3.11412429e-04 -9.23982824e-02  6.90213914e-02 -6.79062203e-02
   7.16114658e-02  5.78488243e-02 -8.56770633e-02 -5.74968316e-04
  -1.20343721e-02  2.80372597e-02 -6.40967119e-02 -4.97326708e-02
   2.35228101e-01  6.63497815e-02  2.23297728e-01  1.66514110e-01
   4.16468208e-02  1.41132072e-01  2.02083813e-01  3.18707352e-01
   3.06886914e-02  1.71490289e-02]
 [ 1.11754023e-02 -9.45874484e-03 -1.51232997e-02 -2.98230645e-03
   8.54793679e-03 -1.03877279e-02 -5.50352382e-03  1.74622629e-03
  -2.42266327e-03  3.74525550e-03  1.21321753e-02  1.47341787e-03
  -4.36690161e-04  7.81021551e-03  1.61084132e-04 -9.25995416e-03
  -9.94605205e-03 -1.09756196e-02  2.01557604e-02 -4.56187551e-05
   5.86880229e-03  7.84681624e-03 -9.30640916e-03  6.35802942e-03
  -5.06467471e-03 -2.07633377e-02 -2.15287980e-03 -1.08802107e-02
  -2.86987524e-03  3.81436929e-03]]

b1.shape: (15, 1)
b1: 
[[ 2.57835249e-04]
 [-2.20816180e-02]
 [-6.04959806e-05]
 [ 4.35977561e-04]
 [ 5.27642046e-02]
 [ 3.28389432e-02]
 [-1.40407069e-01]
 [-1.66779266e-03]
 [-1.69474255e-05]
 [-1.28177374e-04]
 [-1.15627119e-01]
 [-2.07041546e-01]
 [-3.70181850e-02]
 [-3.10385271e-01]
 [ 2.35130553e-03]]

W2.shape: (1, 15)
W2: 
[[ 0.0237538  -0.05588296 -0.00157816  0.00117598  0.08098208  0.05740261
  -0.37833527 -0.00826546 -0.00123175 -0.01156551 -0.31991571 -0.56108119
  -0.11421093 -0.8461074   0.0199939 ]]

b2.shape: (1, 1)
b2: 
[[1.10701054]]
成本:
[0.6932173052898853, 0.4989266290837172]

================ 隐藏层数为20的BP网络运算结果 ================

eps: 0.5，学习率：0.5，运算时间: 0.08s，迭代次数: 64

W1.shape: (20, 30)
W1: 
[[-4.23406708e-03 -5.84260879e-04 -2.14310770e-02  1.63422427e-02
  -1.79408747e-02 -8.47173360e-03  4.94675333e-03 -1.25475777e-02
  -1.05893536e-02 -9.06658533e-03  5.48572703e-03  2.29425694e-02
   3.88974745e-04 -1.12023828e-02  5.41424959e-03 -5.97448942e-03
  -1.94676811e-04  1.17321304e-02 -7.46188235e-03  9.94675352e-05
  -8.85826161e-03 -1.59446518e-03  2.48956281e-03 -9.94790906e-03
  -3.40707371e-03 -2.41351291e-03 -6.44496458e-03 -1.19871863e-02
  -1.42319856e-02 -1.54699398e-03]
 [-7.21556977e-03  2.33004379e-02 -2.94019665e-02 -3.66805204e-03
   8.84496336e-03  9.17430234e-03 -4.31994733e-03 -1.93336174e-02
   4.23787565e-03  1.41205369e-02 -4.42907394e-03  1.48712799e-02
  -1.96259108e-02  1.64938343e-02  2.24606176e-02 -1.79614908e-03
   8.22897961e-03  1.80710331e-03 -1.49519218e-03  5.34014720e-03
   3.01460395e-03 -4.15784183e-03 -1.07265359e-02 -6.22895182e-03
   6.88205052e-03  7.74306687e-03 -1.40264497e-02 -7.47605697e-03
   2.97733897e-03 -1.72964462e-02]
 [-4.18302909e-03 -1.33454650e-03 -3.84168819e-04  3.27124360e-03
  -2.04133380e-02  4.73936770e-04 -6.75590629e-03 -1.43694921e-02
   5.22743511e-03  7.32631133e-03 -6.53262220e-03  8.36842896e-03
  -3.81524109e-03  6.65588941e-04 -1.10004815e-02  1.58420430e-02
  -2.65989025e-02 -9.14275511e-04  6.92163786e-03 -2.03443193e-02
  -1.87861358e-03 -7.78376766e-04  8.26337302e-03  1.24946410e-02
  -4.03837106e-03 -1.38340969e-02  1.36888174e-02  1.22090053e-02
  -4.62218358e-03  3.50420524e-03]
 [ 1.29406678e-01  3.67278135e-02  1.33432979e-01  1.31424073e-01
  -2.37993891e-02  1.11220641e-01  1.67215861e-01  1.88787442e-01
   1.27080525e-02 -9.20714021e-02  6.51623161e-02 -5.24842935e-02
   3.68797484e-02  4.68466679e-02 -6.63303607e-02  3.91775160e-02
   1.55096112e-02  2.79167612e-02 -5.62444003e-02 -3.65934021e-02
   1.48039413e-01  4.32458971e-02  1.40226348e-01  1.13004093e-01
   1.87019487e-02  9.26601559e-02  1.27079101e-01  2.11781270e-01
   5.39182234e-02 -1.47741092e-03]
 [ 2.77088398e-02  1.30381605e-02  3.65860907e-02  3.97382036e-02
   3.88155246e-03  4.36264679e-02  5.84742815e-02  4.92743091e-02
   9.86008556e-03 -4.06474645e-02  1.45502124e-02 -2.37081286e-02
   3.45306942e-03  1.83139350e-02 -2.35858336e-02  1.35126044e-02
  -1.65076805e-02  1.43867863e-02 -1.16409525e-02 -9.35365534e-03
   3.19982627e-02  1.18168355e-02  3.01772589e-02  1.53438097e-02
   3.75004397e-02  4.03510759e-02  5.98667254e-02  6.42931651e-02
   1.50239900e-02  1.06093536e-02]
 [ 1.67872958e-01  3.87991934e-02  1.67173571e-01  1.30847844e-01
  -5.16245191e-03  1.34077876e-01  2.23126448e-01  2.44800560e-01
   1.63921505e-02 -9.62491146e-02  5.60486297e-02 -6.58859723e-02
   5.70087154e-02  4.19308198e-02 -8.34815193e-02  2.36566697e-02
  -2.13079381e-03  3.40405489e-02 -2.48456439e-02 -3.30377476e-02
   2.10973386e-01  4.20786303e-02  1.96707117e-01  1.61595052e-01
   2.15494179e-02  1.17718724e-01  1.77850446e-01  2.83416530e-01
   2.94502334e-02  2.74966049e-02]
 [ 1.84204498e-02  4.22118082e-03  7.60875308e-04  9.88761088e-03
   7.90487183e-03  1.03587006e-02 -7.89669255e-03  4.37768710e-03
   3.52171621e-03  3.29740854e-03  1.17485882e-02  5.18563619e-03
  -9.41999305e-03 -5.37484873e-03 -1.49033615e-02  1.85272831e-02
   1.64649828e-03  6.42845540e-03  8.22393608e-03 -4.60703201e-03
  -5.38021898e-03 -2.34174702e-03  4.56612099e-03  1.98334625e-02
   9.45701638e-03 -6.91659637e-03  1.20873513e-02  1.63318447e-02
  -9.52516371e-03 -6.05186237e-04]
 [-2.03878733e-02  6.89729356e-03 -5.46128487e-03 -1.61729176e-02
   1.10536502e-04  1.05883719e-03 -1.13067221e-02 -4.26985093e-03
   1.17648572e-02  1.38090780e-03 -3.19813676e-03  2.94036854e-02
   1.34015721e-03 -8.37847189e-03  8.77752077e-03 -1.03788173e-02
   1.41575949e-02  6.31425607e-03  1.81570377e-02  1.40506140e-02
  -1.11533104e-04  1.24818023e-02 -2.14055057e-03 -9.95330544e-03
  -5.06405524e-03 -6.31905912e-03 -2.91924367e-02  1.03913498e-02
  -1.42591758e-02  2.47279128e-03]
 [-1.32396785e-02 -2.02767179e-02 -8.88988954e-04 -3.10487266e-03
  -1.60352795e-03  5.43722430e-03 -6.26275209e-03  3.69679020e-03
   5.12303913e-03 -3.32585025e-03 -2.86293331e-03  5.40395793e-03
   5.47074152e-04  1.56861800e-03 -2.37212556e-02  5.72772101e-04
   3.76220144e-03 -1.37202217e-03  3.37526933e-03  1.90526154e-02
   7.79349897e-04  6.62435344e-03 -8.57324878e-03 -8.58128788e-03
  -4.81800323e-03 -1.02462347e-02 -1.41869238e-04 -9.44521225e-03
  -1.76904252e-03 -1.43830328e-02]
 [-1.65141892e-02 -6.75408065e-03 -1.06625488e-02 -6.52220672e-03
  -6.12016871e-03 -3.50624197e-03  1.04644225e-02  1.37012822e-02
   7.25470026e-03 -3.59748335e-03  1.49729049e-02 -1.53135083e-02
  -2.02305322e-02  2.68244570e-03 -2.48330312e-05 -1.39138959e-03
   3.26061337e-04 -1.64034909e-02 -1.15689554e-02  1.23392773e-02
   1.02909141e-02 -7.21526124e-03  1.93405134e-02 -1.07009019e-02
  -5.71159496e-03  2.93039399e-03 -1.19419610e-02 -4.86626279e-03
  -1.72838021e-03 -3.95204203e-03]
 [ 1.07102899e-01  2.98928896e-02  9.19911961e-02  8.51467025e-02
  -4.12164952e-03  7.85232976e-02  1.20850917e-01  1.54471872e-01
   8.51693716e-03 -6.08254790e-02  4.96326408e-02 -6.10969680e-02
   2.14057862e-02  3.80838774e-02 -5.89904496e-02  3.84546172e-04
  -5.00208907e-03  1.14020547e-02 -3.59366994e-02 -3.88918082e-02
   1.15125544e-01  6.96314293e-02  1.18331544e-01  7.42487946e-02
   2.21253284e-02  8.26433752e-02  1.19659320e-01  1.75613125e-01
   1.55385461e-02  2.44856257e-02]
 [ 2.98818031e-02 -1.26040231e-02  3.13065190e-02  1.89830611e-02
   9.39874753e-03  1.44812349e-02  3.76708988e-02  3.67855046e-02
   5.59030079e-03 -1.33004857e-02  5.48071737e-03 -1.00617170e-02
   1.49649156e-02  1.18149825e-02  4.10928221e-03  6.44117407e-03
   5.65921458e-03  2.50718770e-02 -8.76728674e-03 -5.39883840e-04
   2.15085235e-02  9.09845457e-03  4.35886284e-02  2.47644969e-02
   1.79735058e-02  7.12453647e-03  1.04554885e-02  4.34311880e-02
  -8.77692693e-03  2.88835020e-02]
 [ 1.19055833e-01  1.33202194e-02  1.09889309e-01  9.39896241e-02
  -2.98274329e-03  8.48926846e-02  1.48754442e-01  1.77589120e-01
  -2.61722809e-03 -7.19123932e-02  5.08615104e-02 -5.09496818e-02
   5.21135037e-02  3.43735342e-02 -4.72071481e-02  1.39414130e-02
  -4.88235617e-03  1.46705058e-02 -3.60362111e-02 -1.77910744e-03
   1.37201860e-01  3.97353572e-02  1.34173254e-01  1.02428115e-01
   4.09192875e-03  8.63864473e-02  1.29930273e-01  1.85471457e-01
   1.22550071e-02  1.55639068e-02]
 [ 2.67908015e-02  1.14813738e-02  1.90629604e-02  3.09571057e-02
   1.55830953e-02  1.38746616e-02  8.98250736e-03  1.43507751e-02
  -1.13093235e-03  3.56336408e-03 -5.24431759e-03  1.14729485e-02
   4.67175409e-03 -1.16269913e-03  3.67233256e-03 -1.99916585e-02
  -8.63938368e-03 -5.09236119e-03  4.68199692e-03 -7.12451249e-03
   2.45272380e-02 -1.14428732e-03  1.53421253e-02  9.86277877e-04
   1.28918110e-02  4.07183565e-03  1.42963154e-02  1.01267755e-02
  -8.99920311e-03 -1.49600616e-03]
 [ 1.09752246e-02 -1.00625698e-02 -1.53051056e-02 -3.09633522e-03
   7.95250362e-03 -1.05606236e-02 -5.49823318e-03  1.76791237e-03
  -3.13013685e-03  3.08102407e-03  1.19309986e-02  5.41792103e-04
  -6.20680522e-04  7.68329963e-03 -4.33715720e-04 -9.48151905e-03
  -1.01061833e-02 -1.11322357e-02  1.93905617e-02 -3.58892561e-04
   5.73433913e-03  7.27071998e-03 -9.42666348e-03  6.26292499e-03
  -5.55405318e-03 -2.08913311e-02 -2.19292612e-03 -1.08457392e-02
  -3.29704309e-03  3.50086048e-03]
 [ 2.28388968e-02 -4.97074412e-03 -1.62495599e-03  3.72971117e-03
   1.83774764e-03 -1.57711338e-03 -1.08066838e-02 -9.53926578e-03
  -1.86309237e-03 -1.16361107e-02 -6.57756619e-03 -1.25532901e-02
   1.12447233e-02 -1.49773223e-02  1.89748334e-02 -5.80952987e-03
  -1.05539418e-02 -1.18273011e-02  7.74672113e-03  1.02469719e-02
  -8.46752606e-03  3.30649767e-03 -1.47688280e-03 -2.41011428e-03
   1.49237056e-03  7.66035806e-03 -1.91484634e-02 -2.22407326e-02
   2.05285177e-03 -7.18787586e-04]
 [ 6.85138769e-03 -1.70741581e-02 -9.86175915e-03  1.54388073e-02
  -1.31023267e-02  3.63743294e-03 -7.94405113e-03 -4.04747146e-03
  -1.37770124e-02  1.18591588e-02 -1.90365693e-02 -1.19825646e-02
  -9.09915024e-03  1.17658603e-02  2.99076551e-03  6.79341191e-03
  -1.76410396e-04  2.36143250e-03  4.93940714e-03  1.54622574e-02
   2.47297001e-03 -1.46860407e-02  1.14753353e-02  9.58992987e-04
  -1.10733084e-02 -1.75991723e-03 -9.82366032e-03  2.08731505e-02
  -3.44510502e-03 -2.00201025e-02]
 [ 2.95968746e-03 -8.32233359e-03  1.28121658e-02  1.28318178e-03
  -1.77931616e-02 -5.06722870e-03 -1.09712904e-02 -7.68201975e-03
  -6.44822334e-03 -2.00622375e-02  1.93114055e-03 -8.73659870e-03
  -8.96496950e-03  7.49374360e-03  1.89951524e-02 -6.30492419e-03
   1.81171385e-02 -2.05822270e-02  5.64539987e-03 -5.81067766e-03
  -8.24356124e-04 -9.89785758e-03 -6.03041759e-03 -3.21380396e-03
  -3.49001526e-03  4.05796710e-03  2.31891532e-02 -6.46186914e-03
  -1.56575345e-03 -1.75060642e-02]
 [-2.52435312e-02  1.38961279e-02 -1.33430893e-02 -7.49937650e-03
   2.07907750e-04  9.07020406e-03  3.09384120e-03  1.85941020e-02
  -1.83205491e-03 -1.82658373e-02  1.36886816e-03  1.20919666e-03
  -8.20796543e-03 -3.34300244e-03 -5.84690783e-03  1.73358783e-02
  -6.12995718e-03 -1.39472777e-02  2.80639538e-03 -1.82157221e-02
   4.21476878e-03  4.04826470e-03 -8.49774322e-03 -5.64135912e-03
  -6.01874540e-03  1.61116308e-02  3.90041481e-03 -1.21178585e-02
  -1.24889516e-02 -7.84119478e-04]
 [-1.85377147e-03 -6.50229427e-03  1.01958197e-03 -3.99723729e-03
   1.33955044e-02  3.50679656e-03 -4.06277243e-03 -2.49867903e-03
  -6.18704416e-03  1.29362422e-02  3.16520303e-03 -1.21507844e-03
   6.61150103e-04 -5.88082815e-03  2.79786541e-02 -3.30866874e-03
   6.21553543e-03  4.47172584e-03 -4.86931327e-03  2.05658376e-03
  -5.82597608e-03  3.41040873e-03 -3.04876348e-05  5.43590288e-03
   9.71611693e-03 -4.78957236e-03 -7.23217422e-03 -9.74407877e-03
  -7.02059979e-03 -1.59586133e-02]]

b1.shape: (20, 1)
b1: 
[[ 7.30100177e-05]
 [ 2.83502699e-02]
 [-7.84532327e-05]
 [-2.11298043e-01]
 [-7.12521361e-02]
 [-2.81728107e-01]
 [-8.93289557e-03]
 [ 2.97341447e-02]
 [ 7.02350348e-05]
 [-8.52905162e-06]
 [-1.68367387e-01]
 [-4.00021984e-02]
 [-1.84822644e-01]
 [-1.49110695e-02]
 [ 5.17292865e-04]
 [-8.53662732e-05]
 [-4.13236749e-06]
 [ 7.96467675e-05]
 [ 5.23327298e-05]
 [ 1.17183665e-02]]

W2.shape: (1, 20)
W2: 
[[ 6.93759022e-03  4.69745930e-02 -2.05431630e-03 -5.73653765e-01
  -1.74401226e-01 -7.39865512e-01 -2.28076851e-02  4.49476225e-02
   6.54469074e-03 -7.43332064e-04 -4.54166412e-01 -1.07448231e-01
  -5.03243763e-01 -4.73479868e-02  8.48126937e-03 -1.84461318e-03
  -3.89803442e-04  7.20060887e-03  4.73164602e-03  2.06063156e-02]]

b2.shape: (1, 1)
b2: 
[[1.12398709]]
成本:
[0.6932091976703162, 0.4910475021932587]

================ 隐藏层数为30的BP网络运算结果 ================

eps: 0.5，学习率：0.5，运算时间: 0.08s，迭代次数: 64

W1.shape: (30, 30)
W1: 
[[-4.12949749e-03 -5.50039608e-04 -2.13223923e-02  1.64372558e-02
  -1.79300328e-02 -8.38625979e-03  5.07566452e-03 -1.23989212e-02
  -1.05733106e-02 -9.10274976e-03  5.53109309e-03  2.29108711e-02
   4.30600718e-04 -1.11659610e-02  5.37759825e-03 -5.95381644e-03
  -1.89069293e-04  1.17606020e-02 -7.48777806e-03  8.54061313e-05
  -8.73702735e-03 -1.54688034e-03  2.60916934e-03 -9.85350538e-03
  -3.37697316e-03 -2.33218939e-03 -6.33743678e-03 -1.18127673e-02
  -1.42005119e-02 -1.52773385e-03]
 [-5.28807627e-03  2.25958290e-02 -2.72242166e-02 -1.56547319e-03
   6.14389212e-03  1.10529436e-02 -9.61850072e-05 -1.43603991e-02
   1.97841984e-03  9.75863600e-03 -3.91923260e-03  1.13309858e-02
  -1.92815862e-02  1.67932424e-02  1.86090157e-02 -2.71311033e-03
   7.10894277e-03  1.00534999e-03 -4.85573878e-03  3.10395147e-03
   6.12099643e-03 -4.24036588e-03 -7.62737736e-03 -3.78881561e-03
   5.38688723e-03  9.92578038e-03 -1.06035961e-02 -1.81123234e-03
   2.39817777e-03 -1.80900513e-02]
 [-4.21430243e-03 -1.30103603e-03 -4.19673737e-04  3.23687410e-03
  -2.03834525e-02  4.38893803e-04 -6.81955095e-03 -1.44453962e-02
   5.27369915e-03  7.40586685e-03 -6.53258113e-03  8.53786133e-03
  -3.81532514e-03  6.63221620e-04 -1.09612644e-02  1.58501151e-02
  -2.65858825e-02 -9.15544376e-04  7.01061938e-03 -2.03154466e-02
  -1.92782277e-03 -7.60246625e-04  8.21337376e-03  1.24563894e-02
  -4.04074052e-03 -1.38681850e-02  1.36384535e-02  1.21170078e-02
  -4.61629721e-03  3.51790616e-03]
 [ 1.72313402e-02  9.29064180e-03  1.60478603e-02  2.65330642e-02
  -1.72705916e-02  2.12513832e-02  2.09609782e-02  1.78757346e-02
   1.24763727e-02 -2.98360683e-02  1.74513835e-02 -1.46882679e-03
  -6.05082988e-03  8.96409626e-03 -8.93840967e-03  2.76479832e-02
   1.83308396e-02  7.29744931e-03 -1.16707972e-02 -8.63874506e-03
   1.27201693e-02 -1.58572615e-04  6.72896569e-03  6.63258702e-03
   1.70531212e-04  5.18758066e-03  7.05758077e-03  1.38927531e-02
   2.88799413e-02 -1.30223501e-02]
 [-6.73470559e-03  5.02387501e-03  4.33520626e-04  7.48711697e-03
   7.48733999e-03  1.55832699e-02  1.24066207e-02 -4.30803859e-03
   1.09158677e-02 -1.98955738e-02  2.22838261e-04 -6.76766110e-03
  -9.38652800e-03  6.96557705e-03 -4.00384951e-03  1.05079058e-02
  -1.49953175e-02  8.98570881e-03  3.34618460e-03  2.16809302e-04
  -9.92416104e-03 -1.27396135e-03 -1.12439910e-02 -1.75231686e-02
   3.31468119e-02  1.26326223e-02  2.19664701e-02  2.23208190e-03
   7.70440234e-03  7.28841345e-03]
 [-3.31549043e-03  4.08517402e-03 -1.27388475e-02 -3.05458326e-02
   1.56926674e-02 -5.50774401e-03 -8.74586020e-03 -2.56578030e-02
   2.45303014e-02  1.22101420e-02 -1.57264780e-02  2.36020324e-02
  -7.23634561e-03 -1.45377257e-02  1.64710940e-02  9.75918190e-03
   6.09740987e-03  6.70452310e-03  5.32947467e-02  1.65835515e-02
   1.46200974e-03 -1.81499408e-02 -1.03101660e-02 -3.01402744e-03
   1.77520516e-03 -1.89074816e-02 -1.18744018e-02 -2.86925238e-02
  -5.01773115e-03  1.39628376e-02]
 [-4.54531156e-04  7.52274991e-03 -1.98366038e-02 -9.38150803e-03
   2.35572955e-02 -6.19167208e-03 -4.15018254e-02 -3.54677821e-02
   1.59853352e-02  3.23708428e-02  5.31096090e-03  2.85164086e-02
  -1.46506506e-02 -9.79061456e-03  1.04441793e-02  2.24306744e-02
   7.84745134e-03  8.62244142e-03  2.94473414e-02  9.68923728e-03
  -3.21770615e-02 -3.57657946e-03 -2.20770513e-02 -1.04115712e-03
   1.67826336e-02 -2.48278381e-02 -1.51570424e-02 -2.95772564e-02
  -8.05797984e-03  3.42013212e-03]
 [-1.83417454e-02  3.64047237e-03 -3.00087345e-03 -1.33872852e-02
  -6.74374373e-03  2.51565139e-03 -5.44764950e-03  3.08730554e-03
   5.78410264e-03 -8.19744566e-03 -3.01229234e-03  2.18008531e-02
   1.31602953e-03 -8.38591301e-03  8.14651378e-04 -1.32673549e-02
   1.14174213e-02  3.85136371e-03  1.10882420e-02  9.14530314e-03
   4.03515424e-03  1.01006323e-02  2.04039769e-03 -6.52983916e-03
  -1.00261946e-02 -4.38590173e-03 -2.49710358e-02  1.83805206e-02
  -1.69771749e-02 -6.37124501e-04]
 [-1.30957885e-02 -2.02294031e-02 -7.39450235e-04 -2.97419601e-03
  -1.58818762e-03  5.55491814e-03 -6.08548545e-03  3.90115383e-03
   5.14553219e-03 -3.37508694e-03 -2.80047126e-03  5.36072080e-03
   6.04401578e-04  1.61876327e-03 -2.37712840e-02  6.01467533e-04
   3.77011107e-03 -1.33261060e-03  3.34003363e-03  1.90335490e-02
   9.46074322e-04  6.69003582e-03 -8.40876242e-03 -8.45148767e-03
  -4.77623610e-03 -1.01342875e-02  6.04669335e-06 -9.20536261e-03
  -1.72548597e-03 -1.43562993e-02]
 [-1.66088292e-02 -6.78547607e-03 -1.07608873e-02 -6.60807867e-03
  -6.13077219e-03 -3.58374935e-03  1.03479739e-02  1.35671000e-02
   7.23939749e-03 -3.56574012e-03  1.49317766e-02 -1.52855337e-02
  -2.02682977e-02  2.64942976e-03  7.57887784e-06 -1.41056621e-03
   3.20623395e-04 -1.64296978e-02 -1.15462639e-02  1.23514740e-02
   1.01813728e-02 -7.25871190e-03  1.92324421e-02 -1.07861513e-02
  -5.73949057e-03  2.85670969e-03 -1.20391944e-02 -5.02382937e-03
  -1.75733074e-03 -3.96990687e-03]
 [ 5.09576593e-02  1.67870305e-02  3.32002036e-02  3.24943561e-02
   3.52370861e-04  3.36669679e-02  4.72369805e-02  6.83517197e-02
   9.46380735e-03 -2.82768362e-02  2.58913779e-02 -3.45173861e-02
   1.09018707e-04  1.92491276e-02 -2.90901539e-02 -4.73827513e-03
  -3.06807571e-03  1.74514236e-03 -1.25220594e-02 -2.41885769e-02
   4.70739435e-02  4.84562413e-02  5.12089448e-02  2.06988152e-02
   1.38279993e-02  3.88530242e-02  5.93107539e-02  7.60032450e-02
   3.62822424e-03  1.92231922e-02]
 [-3.32149435e-03 -1.61397458e-02 -3.82286468e-03 -1.29138082e-02
   1.76278594e-02 -1.26461101e-02 -9.68457832e-03 -1.86917897e-02
   1.12943759e-02  1.32255120e-02 -8.31467339e-03  1.16221944e-02
   2.73756090e-03  1.05800833e-03  2.78076144e-02  5.73512151e-03
   8.99338512e-03  2.14458967e-02  1.05601649e-02  1.18897890e-02
  -2.01770612e-02  1.13880768e-04  2.35253453e-03 -8.03851734e-03
   1.71861368e-02 -1.96369261e-02 -2.77816729e-02 -2.02747269e-02
  -1.30002955e-02  2.83187703e-02]
 [ 1.37060633e-01  1.92580007e-02  1.28637451e-01  1.10293121e-01
  -8.20202847e-04  1.00139736e-01  1.71505442e-01  2.03595354e-01
   6.84275029e-04 -7.78038234e-02  5.87474015e-02 -5.64117325e-02
   5.93555919e-02  4.06345294e-02 -5.34405130e-02  1.80294059e-02
  -3.63073925e-03  2.00699359e-02 -4.02008998e-02 -3.96609594e-03
   1.58119642e-01  4.80510270e-02  1.54838681e-01  1.18642859e-01
   9.63750316e-03  1.00919871e-01  1.49033786e-01  2.16176702e-01
   1.81988536e-02  1.92382101e-02]
 [ 1.59842468e-01  4.51400014e-02  1.58248675e-01  1.54917737e-01
   1.01551591e-02  1.21532917e-01  1.82313332e-01  2.16159324e-01
   1.86681232e-03 -6.70445905e-02  5.14585021e-02 -4.72659096e-02
   5.58287065e-02  4.38531149e-02 -6.23701281e-02 -4.19071281e-03
  -1.04147698e-02  2.12355858e-02 -4.59909999e-02 -3.83320299e-02
   1.84429667e-01  5.13251321e-02  1.73148583e-01  1.26465754e-01
   3.67046069e-02  1.08580882e-01  1.56989705e-01  2.44408641e-01
   2.23597347e-02  1.37985725e-02]
 [ 1.09893148e-02 -1.03560652e-02 -1.52749688e-02 -3.05327084e-03
   7.58675040e-03 -1.05531035e-02 -5.34581277e-03  1.96016545e-03
  -3.57624493e-03  2.55252724e-03  1.18412406e-02 -2.94427712e-04
  -7.04590697e-04  7.62783083e-03 -8.95834685e-04 -9.60041995e-03
  -1.02027697e-02 -1.11824689e-02  1.87204853e-02 -5.95686088e-04
   5.82411009e-03  7.03711263e-03 -9.33203568e-03  6.32706001e-03
  -5.78254814e-03 -2.08561115e-02 -2.08365214e-03 -1.06012733e-02
  -3.50522194e-03  3.32778355e-03]
 [ 2.28828898e-02 -4.99588125e-03 -1.57778967e-03  3.77233706e-03
   1.77662411e-03 -1.54990670e-03 -1.07389830e-02 -9.45918523e-03
  -1.92789360e-03 -1.17272192e-02 -6.57166287e-03 -1.26459413e-02
   1.12496750e-02 -1.49703279e-02  1.88665099e-02 -5.81960608e-03
  -1.05638633e-02 -1.18226100e-02  7.63332859e-03  1.02019700e-02
  -8.40869734e-03  3.29235351e-03 -1.41849667e-03 -2.36579319e-03
   1.45165437e-03  7.69275468e-03 -1.90941807e-02 -2.21442079e-02
   2.02487946e-03 -7.39023334e-04]
 [ 6.87221603e-03 -1.70672053e-02 -9.84011956e-03  1.54576938e-02
  -1.30999121e-02  3.65450559e-03 -7.91844658e-03 -4.01797813e-03
  -1.37735647e-02  1.18522740e-02 -1.90275108e-02 -1.19886480e-02
  -9.09082946e-03  1.17731319e-02  2.98371020e-03  6.79767989e-03
  -1.75176461e-04  2.36724489e-03  4.93448942e-03  1.54596274e-02
   2.49705905e-03 -1.46764390e-02  1.14991011e-02  9.77735069e-04
  -1.10671026e-02 -1.74369292e-03 -9.80227057e-03  2.09077969e-02
  -3.43868648e-03 -2.00161267e-02]
 [ 3.26587029e-03 -8.22113835e-03  1.31303369e-02  1.56110336e-03
  -1.77595584e-02 -4.81660725e-03 -1.05943557e-02 -7.24759170e-03
  -6.39941006e-03 -2.01658092e-02  2.06413821e-03 -8.82773593e-03
  -8.84287088e-03  7.60051137e-03  1.88896193e-02 -6.24329686e-03
   1.81344101e-02 -2.04978305e-02  5.57132680e-03 -5.85060604e-03
  -4.69804187e-04 -9.75762629e-03 -5.68062414e-03 -2.93783363e-03
  -3.40034643e-03  4.29627891e-03  2.35037998e-02 -5.95184821e-03
  -1.47250528e-03 -1.74486521e-02]
 [-2.52365550e-02  1.38980718e-02 -1.33358176e-02 -7.49294245e-03
   2.07998454e-04  9.07578769e-03  3.10262013e-03  1.86043074e-02
  -1.83161017e-03 -1.82690391e-02  1.37183887e-03  1.20651085e-03
  -8.20526191e-03 -3.34061461e-03 -5.84996035e-03  1.73368852e-02
  -6.12987289e-03 -1.39457287e-02  2.80407220e-03 -1.82170833e-02
   4.22300182e-03  4.05113173e-03 -8.48962125e-03 -5.63490895e-03
  -6.01725958e-03  1.61169910e-02  3.90765691e-03 -1.21059887e-02
  -1.24872234e-02 -7.83180775e-04]
 [-1.90092341e-02  5.77241936e-04 -1.80296673e-02 -2.24502513e-02
   3.48985883e-02 -1.08802685e-02 -3.82426131e-02 -4.35416139e-02
   1.27698254e-02  4.94312229e-02 -2.04124338e-03  2.75080840e-02
  -3.06741982e-03 -9.19142752e-03  5.87090594e-02  4.74754889e-03
   1.52217972e-02  1.02067294e-02  2.26034046e-02  2.03972062e-02
  -3.23325794e-02  5.25300486e-03 -2.63159023e-02 -1.53268731e-02
   2.12750734e-02 -2.09873182e-02 -3.42073203e-02 -5.63675468e-02
  -1.31072672e-03 -8.29970922e-03]
 [ 6.00744136e-03 -8.46071434e-04 -2.13930482e-03 -1.65949169e-02
  -1.50974201e-02 -2.51771557e-02 -1.03423837e-03  6.68411142e-03
   5.84037452e-03 -8.78601628e-04 -1.08161965e-02 -1.54099243e-04
  -3.41732618e-06  7.03609582e-03  7.56067087e-03 -2.69671450e-03
  -3.77139351e-04  6.90406325e-03  4.49436132e-03 -1.75154586e-03
  -2.17059532e-02 -6.70127863e-03  8.36978837e-03  1.48493589e-03
   9.41878583e-03 -3.47330238e-03  7.90024643e-04  7.90722181e-03
   6.80433120e-03  3.86326928e-03]
 [ 1.09116032e-02  1.36118632e-02  1.39467177e-02 -1.64120780e-02
  -5.10087535e-03 -3.13562646e-03 -3.42426562e-03 -1.60132368e-02
   1.25901891e-02 -1.05252951e-02  9.64076411e-04 -2.42782916e-02
  -5.14116281e-03 -2.60967278e-03 -9.72779628e-03  7.20607652e-03
   2.35101710e-02 -9.11062564e-03 -8.94607057e-03  1.70001164e-02
   5.85690689e-03 -2.78520134e-03 -1.26104735e-02  7.54107869e-03
   2.07514121e-03  1.58744559e-02 -8.45562378e-03 -1.31236476e-03
  -3.04991137e-03 -2.29511476e-03]
 [ 1.07890095e-02  7.46989859e-03 -6.16182249e-03 -5.60479206e-04
  -2.77690090e-03  8.71751925e-03 -1.53421480e-03 -1.07544607e-02
  -3.99971172e-03 -1.60800610e-03  9.43006348e-03  1.15197492e-02
   1.33086818e-02  3.97544096e-03 -5.99199294e-03  5.04786811e-03
  -2.22656178e-03 -6.38932825e-03  2.09930883e-03  3.09002851e-03
   8.78299409e-03 -1.00947205e-02 -1.65540885e-02  5.14993064e-03
  -1.02707978e-02  9.61370958e-03 -1.11777481e-02 -5.70971650e-03
  -1.86529273e-02  1.97168733e-02]
 [-4.73640904e-03 -9.59739692e-04 -5.43076786e-03 -2.56905496e-03
   8.13122553e-03  8.64695381e-04 -2.96624511e-04  1.16876090e-02
  -1.36948876e-02  1.11574469e-02  1.57605331e-02 -1.40530649e-02
   2.52150855e-03 -1.30618331e-02 -2.12815977e-02 -8.64833973e-03
   5.08995902e-03  7.40524231e-03 -3.83706867e-03 -8.83316786e-03
  -4.60618117e-03 -7.36122196e-03 -6.52452739e-03 -2.43066714e-02
  -2.57894603e-03 -1.37984393e-03  2.16356352e-02  6.54297219e-03
  -1.59213931e-03  5.27603538e-04]
 [ 3.03776931e-03 -7.23811835e-03 -2.10831638e-02 -7.55528985e-03
  -2.48661186e-03  8.98215768e-04 -7.45239632e-03 -9.52242522e-03
  -2.88448966e-03  3.15917922e-04  5.45271232e-03 -2.64968821e-03
   4.12276103e-03 -1.02458578e-02  7.91086427e-03 -8.16767514e-04
  -1.38743340e-02 -2.77936247e-03  8.39164932e-04 -1.08680640e-02
   6.96713530e-03 -3.58243704e-03  4.26760369e-03 -1.02198675e-02
   2.86391960e-03  7.00884861e-03 -4.67570420e-03 -2.22076560e-03
  -5.94371633e-03  3.10736893e-03]
 [ 5.96008375e-02  1.99025979e-02  6.14380115e-02  4.25033969e-02
  -1.57608831e-02  4.34222441e-02  8.18895090e-02  1.12685794e-01
   9.82115821e-03 -3.79386804e-02  4.85813936e-03 -2.12859598e-02
   2.28085239e-02  7.77304805e-03 -2.08124835e-02  6.88813065e-03
  -5.15024561e-03 -7.78968296e-03 -1.31845087e-02 -1.34945640e-02
   6.88870269e-02  1.37857988e-02  6.67628653e-02  6.83542264e-02
   1.57817029e-02  6.66534116e-02  7.43107429e-02  1.08156365e-01
   2.29125831e-02  8.34905817e-03]
 [-1.46650512e-02 -6.12829630e-03  3.17326531e-03 -9.50448043e-03
  -5.20520604e-03 -1.25691074e-02  1.68285833e-02 -1.33610862e-02
  -1.04288791e-02 -8.83297995e-03  9.61267767e-03  1.12405750e-02
  -5.65113262e-03  5.64948622e-03 -8.94056233e-03  3.72581175e-05
   2.61853309e-02  9.46714108e-03 -3.86934677e-04 -1.32616850e-02
  -3.13239342e-03 -1.32543388e-02 -2.19824742e-02  5.95324679e-03
   5.84867295e-03  1.96926513e-03  1.00493034e-02 -1.67782602e-02
   1.40091758e-02 -1.08104211e-02]
 [ 1.05106939e-01  3.02856778e-02  1.16777120e-01  1.14408064e-01
  -5.44302901e-04  7.82093472e-02  1.20954152e-01  1.56335638e-01
  -6.06066988e-03 -6.71920755e-02  4.12207769e-02 -3.78291475e-02
   3.59107044e-02  2.37892086e-02 -4.87322640e-02 -3.72525898e-04
  -1.64742785e-02  3.46912944e-02 -3.60503779e-02 -3.90558863e-03
   1.07088283e-01  5.04822384e-02  1.18461035e-01  1.22415131e-01
   1.61483765e-02  7.51781173e-02  1.12998909e-01  1.80382772e-01
   1.93653200e-02  2.08488906e-02]
 [ 1.02738858e-01  3.34899026e-02  1.04238671e-01  8.21494933e-02
  -1.03860597e-02  8.35022549e-02  1.15388290e-01  1.62159361e-01
   3.02138318e-03 -5.81369735e-02  5.13304357e-02 -4.18625106e-02
   4.89175011e-02  3.46075326e-02 -2.93378075e-02  7.77103145e-03
  -2.28521218e-02  4.08128334e-03 -5.23179672e-02 -1.62217764e-02
   1.33207186e-01  3.62157778e-02  1.00249461e-01  9.71598718e-02
   2.21534723e-02  7.14688371e-02  1.06876183e-01  1.68679513e-01
   1.13657631e-02  1.81607842e-02]
 [-1.63143164e-02 -3.99060355e-03 -1.50709278e-02  3.43640756e-03
   3.54023842e-02  3.11776176e-03 -2.93992867e-02 -3.91814510e-02
   1.61769775e-02  2.39196348e-02 -1.67534700e-03  9.50253659e-03
  -1.09801260e-02 -1.24842298e-02  3.00410048e-02  1.56625432e-02
  -4.73184536e-04  1.00920673e-02  2.52497252e-02  5.49745494e-03
  -1.78514286e-02  1.00054337e-02 -2.80842034e-02 -1.48335693e-03
   6.69185750e-03 -1.20168784e-02 -2.22357947e-02 -4.78350486e-02
   6.21149383e-03  4.69899407e-03]]

b1.shape: (30, 1)
b1: 
[[-3.97367342e-05]
 [ 1.43107110e-02]
 [ 1.57396336e-04]
 [-2.01013136e-02]
 [-7.16668202e-03]
 [ 5.62923305e-02]
 [ 8.29208591e-02]
 [ 7.18013681e-04]
 [-8.34644499e-05]
 [ 9.08054913e-05]
 [-6.86369760e-02]
 [ 4.28619226e-02]
 [-2.04377772e-01]
 [-2.33417430e-01]
 [-7.91176844e-04]
 [-2.92895622e-04]
 [-2.57151383e-05]
 [-2.44121169e-04]
 [ 4.26445658e-05]
 [ 1.24930609e-01]
 [-2.73708732e-04]
 [-1.80048854e-03]
 [-2.63115111e-03]
 [ 4.33645449e-05]
 [ 4.79240775e-05]
 [-9.77526603e-02]
 [ 2.93803158e-04]
 [-1.66189872e-01]
 [-1.55748779e-01]
 [ 8.20141725e-02]]

W2.shape: (1, 30)
W2: 
[[-0.00319303  0.0264131   0.00424617 -0.06089137 -0.01253713  0.09195804
   0.12830459  0.00268266 -0.00736195  0.00836393 -0.19492262  0.07338248
  -0.57907263 -0.65162614 -0.01202118 -0.00818991 -0.00237971 -0.02230319
   0.00399785  0.18798036 -0.0019949  -0.01097091 -0.0161613   0.00236944
   0.0046815  -0.27818935  0.00770289 -0.46606056 -0.44364179  0.12632212]]

b2.shape: (1, 1)
b2: 
[[1.08923148]]
成本:
[0.6931393905255391, 0.4941328595748778]

================ 隐藏层数为40的BP网络运算结果 ================

eps: 0.5，学习率：0.5，运算时间: 0.09s，迭代次数: 60

W1.shape: (40, 30)
W1: 
[[-0.00410856 -0.00054358 -0.0213006  ... -0.01177745 -0.01419463
  -0.00152426]
 [-0.01339595  0.0253749  -0.03636094 ... -0.02544707  0.00452339
  -0.01490568]
 [-0.00420534 -0.00130973 -0.00040956 ...  0.01214255 -0.00461747
   0.00351453]
 ...
 [-0.01712136  0.00331189 -0.01710698 ... -0.05741585  0.00029145
   0.01171334]
 [ 0.06404348  0.0214397   0.07165296 ...  0.11017102  0.00417674
  -0.00056612]
 [ 0.00336522 -0.01093544  0.00447129 ... -0.00525133  0.01321539
   0.00268361]]

b1.shape: (40, 1)
b1: 
[[-6.52015892e-05]
 [ 7.20522250e-02]
 [ 9.46586862e-05]
 [-1.22375510e-01]
 [-1.77954596e-03]
 [ 2.77247225e-02]
 [-3.47953111e-03]
 [ 3.82441250e-03]
 [-5.77681397e-06]
 [-4.05668890e-06]
 [-7.70660282e-02]
 [-6.92337636e-02]
 [-1.87376312e-01]
 [-3.57979684e-02]
 [-1.00699962e-04]
 [-2.22806758e-04]
 [ 7.02458095e-05]
 [ 2.48681481e-04]
 [-2.26984601e-05]
 [ 1.08717058e-01]
 [-5.72957164e-04]
 [ 3.34247998e-03]
 [ 7.20398463e-02]
 [ 2.02741407e-04]
 [ 2.23073420e-04]
 [-1.23061102e-01]
 [ 3.34151712e-05]
 [ 5.85948347e-02]
 [-1.09705828e-04]
 [-4.12989828e-03]
 [ 2.90768003e-07]
 [ 8.71491037e-03]
 [ 9.26812884e-02]
 [-1.49853035e-01]
 [-1.40838188e-01]
 [-1.34268405e-01]
 [ 8.95316394e-02]
 [ 1.63160849e-01]
 [-9.50682459e-02]
 [-2.12806908e-05]]

W2.shape: (1, 40)
W2: 
[[-5.72564389e-03  1.10802785e-01  2.70674947e-03 -3.59108364e-01
   1.21241476e-03  5.00383962e-02 -9.47276867e-03  6.52625557e-03
  -2.58220337e-04 -3.64036817e-04 -2.24601791e-01 -1.97888020e-01
  -5.44576795e-01 -1.09992931e-01 -1.29997108e-03 -5.91606460e-03
   6.61359695e-03  2.35902414e-02 -2.06914684e-03  1.64688759e-01
  -5.63827128e-03  4.67848059e-03  1.07952192e-01  1.08091395e-02
   2.13235815e-02 -3.57005337e-01  1.20558157e-03  8.73048330e-02
   9.00981380e-03 -6.78106998e-03  2.07444467e-04  1.44752219e-02
   1.37946155e-01 -4.30750610e-01 -4.19554848e-01 -3.95422511e-01
   1.35238939e-01  2.45262313e-01 -2.82040228e-01 -1.82422345e-03]]

b2.shape: (1, 1)
b2: 
[[1.05971953]]
成本:
[0.6931421678505034, 0.49329757176738703]

================ 隐藏层数为50的BP网络运算结果 ================

eps: 0.5，学习率：0.5，运算时间: 0.09s，迭代次数: 56

W1.shape: (50, 30)
W1: 
[[-0.00421448 -0.00057653 -0.02141083 ... -0.01195583 -0.01422503
  -0.0015424 ]
 [-0.00648522  0.02305069 -0.0285777  ... -0.00530572  0.00276057
  -0.01759381]
 [-0.00421915 -0.00128809 -0.00042574 ...  0.01209565 -0.00461155
   0.00352428]
 ...
 [ 0.04755031  0.01408006  0.01836761 ...  0.03860733  0.02149661
  -0.0042004 ]
 [-0.01724577  0.00332716 -0.01416052 ... -0.0080505   0.01246702
   0.00745355]
 [-0.03327591 -0.00722282  0.00466041 ... -0.00835891  0.0007645
  -0.00794838]]

b1.shape: (50, 1)
b1: 
[[ 6.01284775e-05]
 [ 2.30283147e-02]
 [ 2.33383059e-04]
 [ 2.33224981e-02]
 [-1.98228076e-02]
 [-2.28453559e-02]
 [-6.89994134e-02]
 [ 2.22334974e-02]
 [-2.12343911e-05]
 [-6.06422514e-05]
 [-1.07462360e-01]
 [-7.84595384e-04]
 [-1.04582457e-01]
 [-5.44098332e-02]
 [-2.56757968e-04]
 [-3.65855927e-04]
 [ 1.23064083e-04]
 [-1.19319339e-05]
 [ 1.50094772e-05]
 [-3.61240179e-03]
 [ 3.07451366e-02]
 [-1.53861573e-03]
 [-1.73251663e-03]
 [ 1.28255608e-04]
 [-1.31073206e-04]
 [-1.05524675e-02]
 [-2.04091232e-04]
 [-1.19445674e-01]
 [-8.23400243e-02]
 [-2.74869320e-03]
 [-7.89252480e-06]
 [-4.41171455e-04]
 [ 1.61908896e-02]
 [-1.68914066e-01]
 [-2.01366663e-01]
 [-8.33484433e-04]
 [ 5.88550692e-02]
 [-3.35171696e-03]
 [ 4.27064663e-05]
 [-1.54671470e-05]
 [ 3.70806911e-02]
 [-1.47828271e-01]
 [ 2.99039407e-02]
 [ 4.18392847e-02]
 [-1.66734867e-01]
 [-9.85568728e-02]
 [ 9.26607761e-05]
 [-3.55034390e-02]
 [ 5.91369809e-02]
 [ 9.27481769e-06]]

W2.shape: (1, 50)
W2: 
[[ 5.88351323e-03  3.91750876e-02  6.87008228e-03  3.14085386e-02
  -3.96056402e-02 -5.49545043e-02 -1.79383081e-01  3.39725778e-02
  -1.69760772e-03 -5.55326648e-03 -2.92480739e-01 -4.58978917e-03
  -2.89139639e-01 -1.49935238e-01 -4.14955417e-03 -1.49454567e-02
   1.12497289e-02 -1.00789058e-03  1.43006220e-03 -7.61941916e-03
   4.65558388e-02 -9.27536468e-03 -5.07008341e-03 -9.96929524e-03
  -1.17819774e-02 -3.46431014e-02 -5.24976553e-03 -3.22159534e-01
  -2.29548953e-01 -1.06669998e-04 -5.69933611e-04 -6.69959861e-03
   2.59997248e-02 -4.54404953e-01 -5.56131677e-01  5.51212508e-03
   9.03750384e-02 -1.80747180e-02  2.77510379e-03 -1.25757430e-03
   5.67995123e-02 -4.06953950e-01  4.71413404e-02  6.84163431e-02
  -4.48767427e-01 -2.71510485e-01  8.77710599e-03 -9.65000866e-02
   8.86104946e-02  1.14769136e-03]]

b2.shape: (1, 1)
b2: 
[[1.09172614]]
成本:
[0.6931381379212374, 0.4927141464945084]

================ 隐藏层数为61的BP网络运算结果 ================

eps: 0.5，学习率：0.5，运算时间: 0.12s，迭代次数: 58

W1.shape: (61, 30)
W1: 
[[-0.00417593 -0.00056538 -0.02137065 ... -0.01189014 -0.01421466
  -0.00153646]
 [-0.00646679  0.02295542 -0.0285589  ... -0.00532534  0.00268536
  -0.01768062]
 [-0.00423297 -0.00127709 -0.00044115 ...  0.01205847 -0.00461083
   0.00352823]
 ...
 [ 0.07987028  0.00930146  0.07625919 ...  0.11276801  0.00861968
   0.0083638 ]
 [ 0.08361969  0.03449496  0.09287161 ...  0.12633826  0.02336793
   0.0063342 ]
 [ 0.02560384  0.00325633  0.01509683 ...  0.01179077  0.00178253
  -0.0096172 ]]

b1.shape: (61, 1)
b1: 
[[ 9.38715426e-06]
 [ 2.27800676e-02]
 [ 3.18308034e-04]
 [-8.05103453e-02]
 [-4.28186127e-02]
 [-9.69939251e-02]
 [ 2.39342018e-02]
 [-1.04218284e-03]
 [-1.00519717e-04]
 [ 2.47938493e-05]
 [ 2.53496031e-02]
 [ 1.23102541e-01]
 [-1.06160173e-02]
 [-1.14305584e-01]
 [ 9.20398815e-04]
 [-2.44105775e-04]
 [ 4.33984843e-05]
 [ 8.14564034e-05]
 [-1.52595296e-04]
 [ 3.05042899e-02]
 [ 1.72816088e-04]
 [ 1.04741683e-01]
 [-1.76090905e-03]
 [ 1.39746131e-04]
 [-1.56142419e-05]
 [-5.55965269e-02]
 [-3.33914124e-04]
 [ 2.99990090e-02]
 [-1.64088055e-04]
 [ 1.15949187e-01]
 [-1.75678950e-04]
 [-9.08523372e-04]
 [ 5.51709053e-03]
 [ 3.87347176e-02]
 [-8.11034779e-02]
 [-3.34103078e-04]
 [-8.60948727e-03]
 [ 1.43525296e-01]
 [ 1.15985663e-03]
 [-7.44734303e-05]
 [-4.79758343e-02]
 [-8.12348419e-02]
 [ 1.40514151e-01]
 [ 4.35835024e-02]
 [ 1.79472195e-02]
 [-1.22158064e-01]
 [ 3.20470997e-05]
 [-2.27017879e-02]
 [ 2.47851924e-02]
 [ 4.58666882e-05]
 [-6.15351950e-06]
 [-1.07209697e-04]
 [ 1.21515498e-04]
 [-3.40258811e-02]
 [-2.12772475e-02]
 [-2.16861285e-01]
 [ 8.09949307e-03]
 [ 2.14879630e-02]
 [-1.02455732e-01]
 [-1.22031653e-01]
 [-1.04415924e-02]]

W2.shape: (1, 61)
W2: 
[[ 1.31865428e-03  3.87986901e-02  9.27481619e-03 -2.42456072e-01
  -1.07212901e-01 -2.72140362e-01  4.22903926e-02 -4.00029064e-03
  -9.36135560e-03  2.39518035e-03  3.25966282e-02  1.92166777e-01
  -4.57235670e-02 -3.35460407e-01  1.52310871e-02 -6.72441469e-03
   4.14335648e-03  7.92021880e-03 -1.45636367e-02  4.94594023e-02
   1.41685247e-03  1.52918361e-01 -5.22143809e-03  7.65922399e-03
  -1.24184083e-03 -1.67379130e-01 -8.67023853e-03  4.43033431e-02
   8.57751420e-03  1.76168017e-01 -1.66739907e-02 -1.83097992e-02
   1.00750947e-02  5.67807514e-02 -2.53179049e-01 -7.52919665e-03
  -1.80473554e-02  2.16800742e-01  1.46047067e-02 -6.96295272e-03
  -1.43310625e-01 -2.46346397e-01  2.10041788e-01  7.10851019e-02
   2.55983593e-02 -3.62791040e-01  3.39488385e-03 -6.79587048e-02
   3.83557411e-02  4.73339222e-03 -4.67917980e-04 -9.98879239e-03
   1.16796410e-02 -1.05413814e-01 -6.98763356e-02 -6.36143427e-01
   1.21006181e-02  3.67272542e-02 -2.99336419e-01 -3.56084051e-01
  -3.76984897e-02]]

b2.shape: (1, 1)
b2: 
[[1.04316959]]
成本:
[0.6931755088016195, 0.49462004398501364]

================ 隐藏层数为80的BP网络运算结果 ================

eps: 0.5，学习率：0.5，运算时间: 0.1s，迭代次数: 53

W1.shape: (80, 30)
W1: 
[[-0.0042762  -0.00059333 -0.02147528 ... -0.01206216 -0.01424078
  -0.00155115]
 [-0.00797788  0.02360807 -0.03026015 ... -0.00966911  0.00313358
  -0.01701969]
 [-0.00421826 -0.00128613 -0.00042495 ...  0.01209551 -0.00461034
   0.00352542]
 ...
 [-0.00399349  0.00861307  0.01661285 ...  0.00277322  0.00203217
  -0.02235336]
 [-0.00513039 -0.00313005  0.00844431 ...  0.0140403   0.00674212
  -0.01107732]
 [-0.00576718 -0.0039056  -0.01554979 ...  0.01010015 -0.0075191
   0.01477921]]

b1.shape: (80, 1)
b1: 
[[ 1.48102507e-04]
 [ 3.36367134e-02]
 [ 2.41443450e-04]
 [-7.23006526e-02]
 [ 2.30869469e-02]
 [ 5.87972859e-02]
 [-6.69247366e-02]
 [-2.01957693e-03]
 [ 1.73493014e-04]
 [ 4.32983035e-05]
 [ 4.89075353e-02]
 [ 5.07245664e-02]
 [-2.31870115e-01]
 [-1.03373019e-01]
 [-6.71587777e-05]
 [ 2.84038646e-05]
 [ 1.44917398e-05]
 [-7.18591577e-05]
 [-9.02664243e-06]
 [-3.67305913e-03]
 [ 2.95419399e-02]
 [-1.51242609e-03]
 [-1.69175069e-03]
 [ 1.50354578e-04]
 [-5.83290334e-05]
 [-3.26004528e-02]
 [-3.11260864e-04]
 [-3.18828171e-02]
 [-2.37475443e-02]
 [-4.55531693e-03]
 [-1.79150052e-04]
 [-6.41694096e-04]
 [ 4.94441211e-02]
 [-3.16088416e-03]
 [-5.18420765e-02]
 [-9.26142992e-04]
 [-1.86569428e-03]
 [-2.34474368e-03]
 [ 4.77574777e-04]
 [ 2.75471459e-05]
 [ 3.63655533e-02]
 [-4.11848421e-02]
 [ 4.08118509e-02]
 [-4.20229083e-02]
 [-1.37329362e-01]
 [ 6.21470356e-02]
 [ 2.00288723e-05]
 [-2.87401012e-02]
 [ 1.98785382e-02]
 [ 2.46709447e-04]
 [-4.84111933e-05]
 [-4.45093201e-05]
 [-7.80473997e-05]
 [-3.73987807e-03]
 [-7.04229785e-02]
 [ 2.62367459e-02]
 [-8.53209564e-03]
 [-4.11822180e-02]
 [ 3.24927048e-02]
 [-5.33615065e-02]
 [ 8.19284791e-03]
 [-4.65908514e-03]
 [ 5.23700479e-05]
 [ 1.41397814e-03]
 [-5.88627564e-03]
 [-6.59859416e-05]
 [-1.02521336e-01]
 [ 1.91225954e-02]
 [-1.12944533e-01]
 [-2.04430975e-01]
 [-3.26016755e-05]
 [ 6.89742989e-03]
 [ 4.93999961e-02]
 [-1.13442780e-05]
 [ 1.77297231e-02]
 [-1.02613977e-05]
 [ 2.30783763e-02]
 [-6.50428765e-05]
 [-2.18704642e-03]
 [-7.34565764e-04]]

W2.shape: (1, 80)
W2: 
[[ 1.41244571e-02  5.47985748e-02  7.39401101e-03 -2.02644682e-01
   3.80199371e-02  9.60355679e-02 -1.73707938e-01 -1.36016846e-02
   1.63675768e-02  4.02641253e-03  6.74545323e-02  8.55179213e-02
  -6.30857752e-01 -2.77457442e-01 -9.06561314e-04  1.20749306e-03
   1.31892573e-03 -6.60596184e-03 -7.91059403e-04 -9.32430712e-03
   4.51246795e-02 -9.54955064e-03 -4.98372826e-03  8.99840313e-03
  -5.20958881e-03 -9.30873898e-02 -8.52441301e-03 -8.94898750e-02
  -7.21291378e-02 -1.40775160e-02 -1.65179865e-02 -1.14334739e-02
   7.48485574e-02 -1.47346176e-02 -1.56309422e-01  1.48019194e-02
   5.27652289e-04 -6.00286949e-03 -5.11219514e-03  2.71147847e-03
   5.59622290e-02 -1.20590583e-01  6.34429147e-02 -1.11299129e-01
  -3.71331948e-01  9.01155236e-02  2.13116056e-03 -7.87318201e-02
   3.12673316e-02  2.32231689e-02 -4.40935066e-03 -3.89624422e-03
  -7.25097888e-03 -1.54774300e-02 -2.01201212e-01  3.50845288e-02
  -2.69665892e-02 -1.06731084e-01  5.02501264e-02 -1.45416327e-01
   1.61785930e-02 -1.15048253e-02 -1.56821569e-03  3.71494641e-03
  -2.67959965e-02 -6.02572707e-03 -2.80974463e-01  3.73442487e-02
  -2.96566581e-01 -5.57055623e-01 -4.30988173e-04  1.26997855e-02
   7.41019650e-02 -1.04334733e-03  2.59451741e-02  1.36421755e-02
   3.62620723e-02 -5.94685879e-03 -8.96978222e-03 -1.25112122e-03]]

b2.shape: (1, 1)
b2: 
[[1.07565795]]
成本:
[0.6932040896845707, 0.494311614084665]

================ 隐藏层数为100的BP网络运算结果 ================

eps: 0.5，学习率：0.5，运算时间: 0.13s，迭代次数: 50

W1.shape: (100, 30)
W1: 
[[-0.00427563 -0.0005925  -0.02147476 ... -0.01206196 -0.01424009
  -0.00155054]
 [ 0.00716949  0.02463121 -0.01401447 ...  0.02266245  0.00433829
  -0.01756996]
 [-0.00425695 -0.00122543 -0.00047029 ...  0.01196372 -0.00459369
   0.00355276]
 ...
 [ 0.0711543   0.01450547  0.09021827 ...  0.10899984  0.01911211
   0.01014698]
 [-0.00207504  0.00629517 -0.01550776 ... -0.0041813  -0.00417236
   0.01674321]
 [ 0.01844243 -0.0034922   0.0001459  ... -0.02096172 -0.0130264
   0.00109511]]

b1.shape: (100, 1)
b1: 
[[ 1.51999137e-04]
 [-1.73775290e-02]
 [ 6.31730794e-04]
 [-1.04295234e-01]
 [-4.05812846e-02]
 [-2.24994325e-02]
 [ 3.02215666e-02]
 [-1.87212583e-03]
 [-1.34661972e-04]
 [-1.89183607e-04]
 [-1.54065933e-02]
 [ 1.13786491e-02]
 [-4.85141679e-03]
 [-8.84745959e-02]
 [-7.83163082e-05]
 [-2.94838074e-04]
 [ 1.71346639e-04]
 [-1.00436449e-04]
 [ 9.32313844e-05]
 [ 2.69403049e-02]
 [-1.11267704e-03]
 [ 8.40919037e-03]
 [ 4.49510953e-02]
 [-4.93507776e-04]
 [ 7.70946120e-05]
 [-5.20664332e-02]
 [ 3.17526415e-04]
 [ 2.23007398e-03]
 [-7.76067700e-02]
 [ 4.14797680e-02]
 [-1.08561140e-05]
 [ 3.43362090e-04]
 [-1.69013813e-02]
 [ 2.89233419e-02]
 [-7.33803437e-02]
 [-5.08047942e-04]
 [-1.20722681e-02]
 [ 3.50437331e-02]
 [-1.30485008e-03]
 [-1.53231841e-04]
 [-8.35405629e-03]
 [-3.13435376e-02]
 [ 5.04910865e-02]
 [ 2.60523536e-02]
 [ 3.38984429e-02]
 [-5.70199215e-02]
 [ 2.16194511e-04]
 [ 7.23982476e-02]
 [ 5.43911049e-02]
 [ 6.90216589e-05]
 [-9.63318771e-05]
 [ 7.79127375e-06]
 [-1.71231120e-04]
 [-3.20745706e-03]
 [-2.14990569e-05]
 [-7.37210077e-03]
 [ 6.60826249e-02]
 [-8.94577429e-02]
 [-1.15813550e-01]
 [-5.31903122e-02]
 [-3.32635669e-02]
 [-5.73564521e-02]
 [ 3.89002388e-05]
 [-1.18150676e-04]
 [ 1.31313441e-03]
 [-5.98510747e-05]
 [-4.75884087e-02]
 [ 1.89492694e-01]
 [-1.80706426e-02]
 [ 3.26895446e-02]
 [ 4.33673195e-04]
 [-8.85445313e-02]
 [-5.15308415e-02]
 [-1.40378142e-04]
 [ 7.90239487e-03]
 [ 5.85485773e-04]
 [-2.42555392e-03]
 [-2.01285168e-05]
 [ 5.60064233e-02]
 [-1.01091880e-03]
 [-1.47242082e-03]
 [ 1.77299099e-02]
 [ 2.53548373e-04]
 [-4.48753916e-03]
 [ 7.35182485e-05]
 [ 1.35785848e-02]
 [ 2.42660907e-04]
 [-1.76042941e-01]
 [-1.69013973e-01]
 [-5.30373557e-02]
 [ 3.36617607e-02]
 [ 1.35576341e-03]
 [-2.89951635e-02]
 [ 7.05183769e-05]
 [ 3.95832327e-02]
 [ 4.66778142e-02]
 [ 8.99749182e-02]
 [-1.07857923e-01]
 [ 1.50999041e-02]
 [ 1.48941423e-02]]

W2.shape: (1, 100)
W2: 
[[ 1.50551451e-02 -4.28406037e-02  2.04143261e-02 -3.00095402e-01
  -9.77868864e-02 -5.56133822e-02  5.17214035e-02 -1.29683915e-02
  -1.28169509e-02 -1.83199028e-02 -4.67388342e-02  2.48696731e-02
  -2.76919347e-02 -2.45116171e-01 -1.21652236e-03 -1.05248898e-02
   1.65649257e-02 -9.65187659e-03  9.07420488e-03  4.41124019e-02
  -2.14987891e-02  1.13134074e-02  6.86841084e-02 -1.51324181e-02
   7.67143726e-03 -1.49697659e-01  9.69897072e-03 -5.05149955e-04
  -2.25016147e-01  6.74781365e-02 -9.14300302e-04  2.76209165e-03
  -4.38727883e-02  4.25503181e-02 -2.20669395e-01  2.13342716e-03
  -2.77107991e-02  5.72766351e-02 -1.08866504e-02 -1.46947740e-02
  -2.84065902e-02 -9.70235990e-02  7.80659187e-02  4.52259252e-02
   5.00465032e-02 -1.65635548e-01  2.11924582e-02  1.09073169e-01
   8.22645112e-02  6.95138371e-03 -9.23908361e-03  9.87475739e-04
  -1.65740616e-02 -1.45820662e-02  9.05825302e-04 -2.89235534e-02
   9.77480071e-02 -2.42081042e-01 -3.19682350e-01 -1.49340130e-01
  -1.00364841e-01 -1.54740722e-01 -1.30814551e-03 -7.43822580e-04
  -7.50993421e-04 -5.68921086e-03 -1.41655209e-01  2.89233576e-01
  -5.00376734e-02  4.68657389e-02  8.32913099e-03 -2.40100382e-01
  -1.42270753e-01 -1.35822172e-02  1.23804609e-02 -4.76253440e-03
  -2.01522424e-04 -1.85123736e-03  8.41817731e-02 -2.86424088e-03
  -6.12190794e-03  2.60079778e-02 -5.86403670e-03 -1.26917797e-02
   7.05479743e-03  2.66430440e-02  4.80198577e-03 -5.14471556e-01
  -4.75687076e-01 -1.56414832e-01  4.59483281e-02  6.11152467e-03
  -8.41196383e-02  7.04469057e-03  6.90196798e-02  6.42426819e-02
   1.42012989e-01 -3.10112425e-01  2.89578298e-02  2.60340152e-02]]

b2.shape: (1, 1)
b2: 
[[1.03301914]]
成本:
[0.6931200447483977, 0.4910799553392064]

